326
68
260
157
236
469
390
419
349
488
343
211
356
447
383
466
459
471
116
10
86
128
496
148
440
167
284
403
265
87
192
55
35
165
332
223
286
254
33
145
466
233
415
13
70
237
131
442
37
319
485
459
72
10
125
232
131
148
279
494
331
493
306
283
190
319
67
404
223
34
424
158
285
89
166
294
118
19
476
384
449
413
145
455
131
73
15
91
361
162
171
114
49
491
191
220
368
330
388
312
532
256
187
78
414
39
758
140
791
702
939
896
798
493
916
703
22
132
172
234
320
431
29
532
680
873
726
187
949
916
57
889
747
696
342
367
564
625
519
110
177
568
41
873
66
128
430
491
983
469
499
889
475
80
606
62
586
12
268
212
830
192
800
423
781
516
505
472
288
703
818
652
559
276
183
111
960
350
506
673
943
905
485
598
716
1000
522
934
787
521
839
280
373
718
86
421
523
909
255
434
995
387
937
253
456
107
931
530
488
62
909
158
154
171
164
962
357
979
217
805
155
159
617
848
79
570
202
954
882
170
421
734
928
84
307
396
645
922
388
538
720
347
137
270
224
419
901
862
727
490
162
388
620
776
880
923
534
625
824
860
538
546
432
602
93
227
441
722
734
810
17
438
459
70
760
812
808
584
700
551
201
897
647
300
286
59
172
100
640
977
403
51
393
344
569
582
630
214
401
694
424
912
929
582
314
634
292
330
662
58
325
318
490
270
312
621
803
289
651
391
874
511
715
944
970
278
392
928
460
224
266
668
532
641
89
12
800
162
783
217
513
544
365
899
663
622
219
828
553
298
854
823
706
21
700
248
683
60
301
53
201
350
728
676
690
269
360
705
504
758
97
530
902
543
486
518
487
425
54
468
621
636
833
853
374
716
105
82
85
117
484
940
312
322
166
970
960
395
417
323
215
522
124
883
83
585
318
57
44
497
944
704
58
802
295
215
195
411
626
756
523
128
356
441
969
633
573
939
405
861
736
751
247
489
321
283
761
984
659
172
973
337
200
416
406
825
409
924
659
327
148
508
113
637
454
605
657
303
265
719
60
51
831
486
882
632
624
501
650
660
348
460
943
960
442
297
535
458
163
388
887
135
732
660
106
766
81
66
644
985
478
891
827
580
34
647
268
599
816
731
470
293
988
59
615
979
642
969
747
961
318
964
101
436
534
90
962
930
245
735
713
358
705
55
181
747
865
727
409
307
357
828
472
970
931
393
756
595
683
195
293
816
163
799
750
978
714
625
877
304
741
557
958
934
483
471
710
595
726
634
482
922
737
399
402
573
665
966
158
618
500
204
162
986
684
437
330
506
28
413
997
251
55
731
466
765
607
23
460
758
986
365
124
764
286
23
55
707
902
763