9 8 7 6 5 4 3 2 1 0
47 26 24 98 99 58 54 69 31 75
99 60 20 90 47 34 11 12 41 42
1 3 5 7 9 11 13 15 17 19
3 5 7 9 11 13 15 17 19 21
51 29 44 61 22 81 15 53 46 77
6 3 0 -3 -6 -9 -12 -15 -18 -21
4 1 -2 -5 -8 -11 -14 -17 -20 -23
9 7 5 3 1 -1 -3 -5 -7 -9
13 53 28 84 44 80 49 4 59 88
2 24 94 72 4 78 82 95 15 13
33 21 15 75 80 19 60 83 36 32
57 62 48 66 72 5 26 92 67 63
4 1 -2 -5 -8 -11 -14 -17 -20 -23
48 8 28 72 93 54 15 11 96 4
6 8 10 12 14 16 18 20 22 24
3 2 1 0 -1 -2 -3 -4 -5 -6
1 3 5 7 9 11 13 15 17 19
7 8 9 10 11 12 13 14 15 16
1 -1 -3 -5 -7 -9 -11 -13 -15 -17
48 51 99 39 36 13 32 4 45 4
8 9 10 11 12 13 14 15 16 17
21 18 31 72 52 42 19 29 66 32
91 95 45 36 77 45 48 2 50 9
69 53 91 21 29 12 54 82 63 66
31 82 64 57 67 58 17 22 96 99
1 21 1 25 65 65 77 1 59 50
72 28 77 40 76 11 27 60 23 3
8 5 2 -1 -4 -7 -10 -13 -16 -19
9 11 13 15 17 19 21 23 25 27
72 98 59 44 75 1 93 70 44 77
36 87 49 69 82 36 79 1 62 11
1 3 5 7 9 11 13 15 17 19
1 60 36 18 10 18 49 6 6 38
82 39 31 17 50 86 94 90 26 26
10 11 12 13 14 15 16 17 18 19
44 78 24 12 98 72 70 83 64 48
36 96 14 28 7 83 52 62 100 4
10 8 6 4 2 0 -2 -4 -6 -8
30 88 49 44 91 7 64 20 69 42
9 8 7 6 5 4 3 2 1 0
3 4 5 6 7 8 9 10 11 12
4 5 6 7 8 9 10 11 12 13
86 74 14 2 90 33 59 83 30 3
32 24 92 94 25 1 39 69 89 24
1 2 3 4 5 6 7 8 9 10
75 4 95 8 67 91 41 16 95 86
2 -1 -4 -7 -10 -13 -16 -19 -22 -25
55 98 46 40 16 41 17 40 30 99
59 27 72 56 24 46 26 74 81 63
6 8 10 12 14 16 18 20 22 24
1 2 3 4 5 6 7 8 9 10
15 55 33 93 15 76 14 26 87 59
86 27 87 39 19 17 57 61 26 29
8 11 14 17 20 23 26 29 32 35
57 19 35 28 88 72 49 18 31 63
3 1 -1 -3 -5 -7 -9 -11 -13 -15
5 7 9 11 13 15 17 19 21 23
6 7 8 9 10 11 12 13 14 15
7 10 13 16 19 22 25 28 31 34
1 0 -1 -2 -3 -4 -5 -6 -7 -8
5 2 -1 -4 -7 -10 -13 -16 -19 -22
4 54 15 47 13 39 100 71 64 44
88 29 1 95 25 28 29 72 4 12
91 54 36 21 1 41 63 38 94 40
24 12 87 30 27 9 52 62 50 32
61 55 13 22 11 19 26 39 69 23
45 99 9 81 31 42 17 3 28 23
82 98 54 37 47 43 92 95 25 65
8 10 12 14 16 18 20 22 24 26
90 21 2 54 93 56 64 65 43 53
1 -2 -5 -8 -11 -14 -17 -20 -23 -26
73 83 82 76 2 81 29 35 51 24
4 5 6 7 8 9 10 11 12 13
8 5 2 -1 -4 -7 -10 -13 -16 -19
2 -1 -4 -7 -10 -13 -16 -19 -22 -25
9 7 5 3 1 -1 -3 -5 -7 -9
1 3 5 7 9 11 13 15 17 19
20 2 99 71 76 97 92 42 61 31
10 1 6 12 10 20 48 92 40 92
2 0 -2 -4 -6 -8 -10 -12 -14 -16
3 4 5 6 7 8 9 10 11 12
6 5 4 3 2 1 0 -1 -2 -3
9 12 15 18 21 24 27 30 33 36
4 89 16 12 56 72 25 51 66 30
10 12 14 16 18 20 22 24 26 28
1 0 -1 -2 -3 -4 -5 -6 -7 -8
4 5 6 7 8 9 10 11 12 13
74 7 17 1 77 93 71 56 21 4
5 2 -1 -4 -7 -10 -13 -16 -19 -22
26 85 57 79 15 90 16 20 13 9
5 8 11 14 17 20 23 26 29 32
8 6 4 2 0 -2 -4 -6 -8 -10
32 72 25 46 88 24 7 55 1 12
9 12 15 18 21 24 27 30 33 36
94 78 94 90 63 90 24 78 22 52
16 78 29 28 60 66 46 91 94 10
36 37 9 96 76 11 7 80 16 81
66 37 82 91 80 26 59 65 40 10
69 85 71 14 19 57 42 60 58 1